# Constructed from biom file
#OTU ID	CL.10	CL.12	CL.4	CL.6	CL.8	MSQ4.AG.009	MSQ4.AG.010	MSQ4.AG.011	MSQ6.AG.479	MSQ6.AG.480	MSQ6.AG.481
Cellular Processes	1672473.0	2464460.0	1687832.0	2192392.0	1977364.0	955262.0	875074.0	760853.0	837756.0	577032.0	632869.0
Environmental Information Processing	8893844.0	10254741.0	8329118.0	13764242.0	11995633.0	10472696.0	4340495.0	4516789.0	8912843.0	3245268.0	4133383.0
Genetic Information Processing	14218367.0	15637587.0	13144216.0	16936660.0	20304095.0	8428637.0	5426727.0	5331996.0	7398651.0	3882171.0	4639876.0
Human Diseases	428341.0	516867.0	433471.0	627586.0	607868.0	457337.0	224919.0	237626.0	396731.0	167701.0	212616.0
Metabolism	32413497.0	36573675.0	31608594.0	41549089.0	45727841.0	25335984.0	14186509.0	14690685.0	22109539.0	10368897.0	12921399.0
None	133059.0	158965.0	129737.0	159575.0	164710.0	84225.0	58898.0	54905.0	74111.0	41433.0	47412.0
Organismal Systems	563422.0	627286.0	517672.0	673463.0	836517.0	294496.0	208243.0	211579.0	263298.0	150187.0	182650.0
Unclassified	9306106.0	10636625.0	9151825.0	12814675.0	13156333.0	8786454.0	4492027.0	4709232.0	7618103.0	3310958.0	4177183.0
