# Constructed from biom file
#OTU ID	CL.10	CL.12	CL.4	CL.6	CL.8	MSQ4.AG.009	MSQ4.AG.010	MSQ4.AG.011	MSQ6.AG.479	MSQ6.AG.480	MSQ6.AG.481
1,1,1-Trichloro-2,2-bis(4-chlorophenyl)ethane (DDT) degradation	8.0	192.0	106.0	127.0	10.0	25.0	39.0	40.0	48.0	31.0	42.0
ABC transporters	2015177.0	2355000.0	1918409.0	3121488.0	2643350.0	2454398.0	997937.0	1023279.0	2080141.0	742959.0	938257.0
Adherens junction	0.0	0.0	0.0	0.0	0.0	0.0	0.0	0.0	0.0	0.0	0.0
Adipocytokine signaling pathway	47651.0	57017.0	51322.0	56684.0	80754.0	20770.0	19140.0	20968.0	18995.0	13281.0	17173.0
African trypanosomiasis	201.0	156.0	214.0	3952.0	1682.0	7880.0	1920.0	2243.0	7019.0	1956.0	2526.0
Alanine, aspartate and glutamate metabolism	739058.0	861706.0	745736.0	868287.0	1019506.0	445599.0	313331.0	318522.0	393924.0	221637.0	271754.0
Aldosterone-regulated sodium reabsorption	0.0	0.0	0.0	0.0	0.0	0.0	0.0	0.0	0.0	0.0	0.0
Alzheimer's disease	32949.0	37627.0	30974.0	44262.0	47782.0	28478.0	14021.0	14332.0	24972.0	10704.0	13149.0
Amino acid metabolism	77413.0	103243.0	103680.0	162136.0	91527.0	193719.0	82445.0	86756.0	164891.0	60516.0	77905.0
Amino acid related enzymes	1023965.0	1168447.0	998801.0	1202158.0	1434861.0	613788.0	399366.0	392915.0	540485.0	286309.0	342590.0
Amino sugar and nucleotide sugar metabolism	872482.0	1034010.0	909885.0	1124959.0	1208882.0	694969.0	428057.0	454667.0	611040.0	308648.0	392389.0
Aminoacyl-tRNA biosynthesis	889049.0	976751.0	831048.0	991850.0	1298271.0	386082.0	282221.0	266515.0	344282.0	201887.0	232383.0
Aminobenzoate degradation	65582.0	63912.0	59259.0	110051.0	86735.0	111930.0	45463.0	47810.0	97860.0	36111.0	45960.0
Amoebiasis	2750.0	3174.0	2244.0	2003.0	1624.0	1991.0	1433.0	1226.0	2423.0	1558.0	1673.0
Amyotrophic lateral sclerosis (ALS)	1037.0	1626.0	1190.0	12372.0	2358.0	22586.0	6955.0	9069.0	18767.0	5375.0	8055.0
Antigen processing and presentation	30279.0	32981.0	26180.0	34375.0	40683.0	13982.0	10923.0	10376.0	12497.0	7723.0	8916.0
Apoptosis	1.0	289.0	6.0	2.0	1.0	0.0	0.0	0.0	0.0	0.0	0.0
Arachidonic acid metabolism	6408.0	9784.0	11598.0	21153.0	13294.0	33293.0	13075.0	14180.0	28503.0	9856.0	12840.0
Arginine and proline metabolism	895972.0	1024478.0	865846.0	1132119.0	1266918.0	670215.0	404682.0	402659.0	585850.0	291052.0	352355.0
Arrhythmogenic right ventricular cardiomyopathy (ARVC)	0.0	0.0	0.0	0.0	0.0	0.0	0.0	0.0	0.0	0.0	0.0
Ascorbate and aldarate metabolism	77914.0	66403.0	73601.0	178032.0	133641.0	201775.0	50341.0	66663.0	170203.0	43151.0	64652.0
Atrazine degradation	4458.0	5381.0	5058.0	18576.0	2157.0	35768.0	13501.0	13186.0	32154.0	11629.0	13668.0
Bacterial chemotaxis	218504.0	379119.0	220093.0	314593.0	203746.0	152754.0	151427.0	118937.0	129277.0	93982.0	95732.0
Bacterial invasion of epithelial cells	2.0	34.0	0.0	4.0	26.0	0.0	0.0	0.0	0.0	0.0	0.0
Bacterial motility proteins	468601.0	826697.0	486401.0	731578.0	498227.0	332112.0	285608.0	230453.0	287403.0	185954.0	194774.0
Bacterial secretion system	441847.0	455195.0	385265.0	694073.0	665908.0	547641.0	208532.0	227119.0	473372.0	165762.0	214817.0
Bacterial toxins	85561.0	91244.0	80069.0	87903.0	131059.0	32781.0	34227.0	32228.0	30862.0	24103.0	27457.0
Basal transcription factors	1488.0	2656.0	3072.0	1076.0	880.0	3.0	5.0	4.0	6.0	5.0	4.0
Base excision repair	320202.0	343559.0	300765.0	371032.0	463681.0	188164.0	123617.0	122267.0	167368.0	89840.0	107250.0
Benzoate degradation	192701.0	187773.0	167466.0	288748.0	292848.0	227487.0	88178.0	91887.0	190474.0	64451.0	83262.0
Betalain biosynthesis	0.0	0.0	0.0	0.0	0.0	0.0	0.0	0.0	0.0	0.0	0.0
Bile secretion	372.0	664.0	768.0	269.0	220.0	0.0	0.0	0.0	0.0	0.0	0.0
Biosynthesis and biodegradation of secondary metabolites	34548.0	34525.0	33578.0	80035.0	39256.0	97571.0	28772.0	34925.0	82625.0	23364.0	33198.0
Biosynthesis of 12-, 14- and 16-membered macrolides	0.0	0.0	0.0	0.0	0.0	0.0	0.0	0.0	0.0	0.0	0.0
Biosynthesis of ansamycins	93910.0	105591.0	78068.0	134039.0	134572.0	73781.0	29741.0	31107.0	62536.0	22665.0	28703.0
Biosynthesis of siderophore group nonribosomal peptides	5730.0	14683.0	7067.0	65520.0	5643.0	95743.0	19639.0	27576.0	79754.0	17018.0	27069.0
Biosynthesis of type II polyketide backbone	0.0	0.0	0.0	0.0	0.0	0.0	0.0	0.0	0.0	0.0	0.0
Biosynthesis of type II polyketide products	0.0	0.0	0.0	0.0	0.0	0.0	0.0	0.0	0.0	0.0	0.0
Biosynthesis of unsaturated fatty acids	85143.0	86793.0	73667.0	142427.0	129049.0	129424.0	49695.0	52000.0	113838.0	40996.0	50859.0
Biosynthesis of vancomycin group antibiotics	38461.0	46625.0	44360.0	41324.0	54661.0	19299.0	16652.0	17441.0	17782.0	11893.0	14678.0
Biotin metabolism	93448.0	121673.0	109708.0	113519.0	127961.0	67568.0	40054.0	43481.0	60556.0	30154.0	38564.0
Bisphenol degradation	61955.0	71057.0	63604.0	66259.0	99533.0	18699.0	23410.0	21704.0	17906.0	16305.0	17982.0
Bladder cancer	3.0	19.0	1.0	3874.0	19.0	6557.0	1129.0	1657.0	5394.0	990.0	1647.0
Butanoate metabolism	476925.0	500287.0	441415.0	638899.0	690410.0	455047.0	222386.0	223336.0	389343.0	160967.0	198666.0
Butirosin and neomycin biosynthesis	66799.0	66913.0	56221.0	76442.0	107655.0	25635.0	25347.0	25183.0	23741.0	17745.0	20856.0
C5-Branched dibasic acid metabolism	247087.0	273255.0	241903.0	305240.0	357417.0	165773.0	90127.0	92196.0	143582.0	65568.0	81214.0
CAM ligands	0.0	0.0	0.0	0.0	0.0	0.0	0.0	0.0	0.0	0.0	0.0
Caffeine metabolism	2.0	2.0	1.0	0.0	0.0	1323.0	791.0	586.0	1625.0	966.0	880.0
Calcium signaling pathway	0.0	0.0	0.0	0.0	0.0	0.0	0.0	0.0	0.0	0.0	0.0
Caprolactam degradation	6063.0	4313.0	2720.0	37433.0	2566.0	64733.0	13886.0	17704.0	55597.0	13330.0	18926.0
Carbohydrate digestion and absorption	29332.0	16499.0	15962.0	36863.0	57925.0	17153.0	7600.0	10057.0	14491.0	5632.0	8318.0
Carbohydrate metabolism	139440.0	153224.0	133905.0	195035.0	211199.0	116281.0	52272.0	60711.0	100411.0	39714.0	53672.0
Carbon fixation in photosynthetic organisms	474479.0	527929.0	446291.0	608831.0	686790.0	329203.0	181176.0	189583.0	286551.0	133163.0	166993.0
Carbon fixation pathways in prokaryotes	656418.0	726680.0	668457.0	804176.0	946021.0	506960.0	299500.0	309000.0	444671.0	217143.0	269493.0
Cardiac muscle contraction	3.0	867.0	18.0	6.0	3.0	0.0	0.0	0.0	0.0	0.0	0.0
Carotenoid biosynthesis	14702.0	8262.0	7145.0	14445.0	28781.0	1706.0	1315.0	1060.0	2012.0	1429.0	1341.0
Cell cycle	372.0	664.0	768.0	269.0	220.0	0.0	0.0	0.0	0.0	0.0	0.0
Cell cycle - Caulobacter	337072.0	370552.0	326665.0	361394.0	460823.0	163564.0	123104.0	120491.0	146300.0	87766.0	103973.0
Cell cycle - yeast	0.0	0.0	0.0	0.0	0.0	0.0	0.0	0.0	0.0	0.0	0.0
Cell division	41243.0	52779.0	47897.0	54581.0	51610.0	37137.0	18218.0	20078.0	32327.0	13603.0	18099.0
Cell motility and secretion	78035.0	110337.0	97796.0	129279.0	124727.0	122585.0	65421.0	70343.0	111973.0	52054.0	64926.0
Cellular antigens	7249.0	17969.0	24514.0	19620.0	14511.0	27960.0	12529.0	16217.0	24516.0	9642.0	14293.0
Chagas disease (American trypanosomiasis)	197.0	128.0	196.0	3950.0	1635.0	7880.0	1920.0	2243.0	7019.0	1956.0	2526.0
Chaperones and folding catalysts	647117.0	754543.0	636487.0	846891.0	888684.0	516454.0	292196.0	307343.0	453312.0	215104.0	270514.0
Chloroalkane and chloroalkene degradation	147859.0	132899.0	120667.0	180170.0	237052.0	95907.0	50664.0	50215.0	82657.0	37228.0	44451.0
Chlorocyclohexane and chlorobenzene degradation	2416.0	2994.0	2898.0	9830.0	961.0	16020.0	4108.0	4733.0	14369.0	4165.0	5346.0
Cholinergic synapse	0.0	0.0	0.0	0.0	0.0	0.0	0.0	0.0	0.0	0.0	0.0
Chromosome	1138824.0	1261058.0	1041064.0	1386104.0	1625627.0	673222.0	419588.0	415793.0	586629.0	298990.0	361306.0
Chronic myeloid leukemia	0.0	0.0	0.0	0.0	0.0	0.0	0.0	0.0	0.0	0.0	0.0
Circadian rhythm - plant	2.0	2.0	1.0	0.0	0.0	1323.0	791.0	586.0	1625.0	966.0	880.0
Citrate cycle (TCA cycle)	424465.0	445189.0	429890.0	566626.0	670558.0	391019.0	180521.0	202949.0	343780.0	140834.0	184917.0
Clavulanic acid biosynthesis	0.0	0.0	0.0	0.0	0.0	0.0	0.0	0.0	0.0	0.0	0.0
Colorectal cancer	1.0	289.0	6.0	2.0	1.0	0.0	0.0	0.0	0.0	0.0	0.0
Complement and coagulation cascades	0.0	0.0	0.0	0.0	0.0	0.0	0.0	0.0	0.0	0.0	0.0
Cyanoamino acid metabolism	154909.0	217635.0	171046.0	220432.0	186125.0	148665.0	83949.0	92931.0	127670.0	59205.0	78688.0
Cysteine and methionine metabolism	690163.0	768047.0	657913.0	879008.0	997071.0	515365.0	300581.0	298995.0	446384.0	213988.0	260431.0
Cytochrome P450	0.0	0.0	0.0	0.0	0.0	0.0	0.0	0.0	0.0	0.0	0.0
Cytokine receptors	0.0	0.0	0.0	0.0	0.0	0.0	0.0	0.0	0.0	0.0	0.0
Cytokine-cytokine receptor interaction	0.0	0.0	0.0	0.0	0.0	0.0	0.0	0.0	0.0	0.0	0.0
Cytoskeleton proteins	331350.0	351251.0	281276.0	359072.0	468087.0	98750.0	92970.0	82071.0	86633.0	62127.0	67749.0
Cytosolic DNA-sensing pathway	0.0	0.0	0.0	0.0	0.0	0.0	0.0	0.0	0.0	0.0	0.0
D-Alanine metabolism	67855.0	75097.0	64075.0	82464.0	97943.0	44026.0	29119.0	27710.0	38236.0	20230.0	23805.0
D-Arginine and D-ornithine metabolism	885.0	1114.0	1169.0	863.0	721.0	120.0	121.0	115.0	142.0	110.0	152.0
D-Glutamine and D-glutamate metabolism	104390.0	119220.0	103892.0	125368.0	155167.0	66739.0	43746.0	43105.0	58192.0	30710.0	36967.0
DNA repair and recombination proteins	2070552.0	2210417.0	1877714.0	2391485.0	3029905.0	1132444.0	760948.0	740534.0	999369.0	543879.0	643792.0
DNA replication	453194.0	495760.0	426371.0	512064.0	661755.0	228520.0	166266.0	160312.0	202682.0	117651.0	138347.0
DNA replication proteins	843656.0	929342.0	782317.0	963361.0	1177908.0	458184.0	338566.0	325547.0	404445.0	236336.0	277953.0
Dilated cardiomyopathy (DCM)	0.0	0.0	0.0	0.0	0.0	0.0	0.0	0.0	0.0	0.0	0.0
Dioxin degradation	63981.0	54130.0	47517.0	96341.0	105221.0	64037.0	18065.0	20962.0	53009.0	14191.0	19789.0
Drug metabolism - cytochrome P450	31997.0	19806.0	20179.0	58798.0	62451.0	51522.0	12448.0	15210.0	44175.0	11566.0	15825.0
Drug metabolism - other enzymes	198332.0	232145.0	202001.0	242728.0	257740.0	142231.0	94552.0	93322.0	122496.0	64842.0	78625.0
ECM-receptor interaction	0.0	0.0	0.0	0.0	0.0	0.0	0.0	0.0	0.0	0.0	0.0
Electron transfer carriers	17524.0	11607.0	10656.0	48019.0	33140.0	53458.0	10317.0	14367.0	44174.0	8996.0	14240.0
Endocrine and other factor-regulated calcium reabsorption	0.0	0.0	0.0	0.0	0.0	0.0	0.0	0.0	0.0	0.0	0.0
Endocytosis	0.0	0.0	0.0	0.0	0.0	0.0	0.0	0.0	0.0	0.0	0.0
Energy metabolism	573065.0	649562.0	576512.0	763038.0	785282.0	498227.0	281074.0	289764.0	431064.0	201362.0	251619.0
Epithelial cell signaling in Helicobacter pylori infection	69151.0	76577.0	66046.0	82456.0	95069.0	41206.0	24208.0	24169.0	35911.0	17535.0	21272.0
ErbB signaling pathway	0.0	0.0	0.0	0.0	0.0	0.0	0.0	0.0	0.0	0.0	0.0
Ether lipid metabolism	229.0	284.0	292.0	188.0	1037.0	460.0	534.0	433.0	352.0	367.0	328.0
Ethylbenzene degradation	38527.0	25920.0	25061.0	43219.0	65163.0	24003.0	17713.0	16297.0	20902.0	12090.0	13881.0
Fat digestion and absorption	0.0	0.0	0.0	0.0	0.0	0.0	0.0	0.0	0.0	0.0	0.0
Fatty acid biosynthesis	365585.0	372601.0	315502.0	439860.0	526770.0	231484.0	147364.0	144954.0	202434.0	104863.0	125259.0
Fatty acid elongation in mitochondria	2.0	2.0	1.0	0.0	0.0	1323.0	791.0	586.0	1625.0	966.0	880.0
Fatty acid metabolism	164713.0	167777.0	141602.0	251544.0	237748.0	206191.0	82553.0	87451.0	175924.0	62735.0	80493.0
Fc epsilon RI signaling pathway	0.0	0.0	0.0	0.0	0.0	0.0	0.0	0.0	0.0	0.0	0.0
Fc gamma R-mediated phagocytosis	0.0	0.0	0.0	0.0	0.0	0.0	0.0	0.0	0.0	0.0	0.0
Flagellar assembly	197916.0	360204.0	204049.0	269396.0	182257.0	63475.0	106656.0	78307.0	54359.0	63431.0	60972.0
Flavone and flavonol biosynthesis	2513.0	2318.0	1738.0	2311.0	278.0	175.0	197.0	173.0	214.0	179.0	234.0
Flavonoid biosynthesis	15853.0	9254.0	7092.0	15441.0	29581.0	1787.0	1432.0	1148.0	2178.0	1591.0	1490.0
Fluorobenzoate degradation	13.0	43.0	6.0	11622.0	45.0	22317.0	4969.0	6143.0	19432.0	4901.0	6700.0
Focal adhesion	0.0	0.0	0.0	0.0	0.0	0.0	0.0	0.0	0.0	0.0	0.0
Folate biosynthesis	204816.0	237233.0	224046.0	261454.0	273907.0	197361.0	107797.0	112048.0	175377.0	81561.0	101476.0
Fructose and mannose metabolism	680725.0	693524.0	654596.0	925724.0	984437.0	590783.0	290081.0	312327.0	509409.0	214714.0	276582.0
Function unknown	811379.0	931765.0	805641.0	1298129.0	1218757.0	1049011.0	424119.0	474843.0	902575.0	327468.0	433921.0
G protein-coupled receptors	0.0	0.0	0.0	0.0	0.0	0.0	0.0	0.0	0.0	0.0	0.0
GTP-binding proteins	0.0	0.0	0.0	0.0	0.0	0.0	0.0	0.0	0.0	0.0	0.0
Galactose metabolism	525370.0	605573.0	512562.0	679191.0	733231.0	378051.0	240264.0	263858.0	328527.0	169137.0	220548.0
Gastric acid secretion	0.0	0.0	0.0	0.0	0.0	0.0	0.0	0.0	0.0	0.0	0.0
General function prediction only	2411341.0	2748595.0	2395835.0	3037396.0	3344239.0	1845167.0	1078276.0	1100032.0	1609493.0	778160.0	960694.0
Geraniol degradation	12290.0	13759.0	15505.0	48983.0	9261.0	81912.0	21252.0	27575.0	70146.0	18721.0	27211.0
Germination	37266.0	35438.0	25479.0	31805.0	41499.0	3883.0	6451.0	4722.0	3349.0	4078.0	3765.0
Glioma	0.0	0.0	0.0	0.0	0.0	0.0	0.0	0.0	0.0	0.0	0.0
Glutamatergic synapse	73478.0	88165.0	77721.0	83116.0	99918.0	43112.0	33982.0	33381.0	38520.0	23710.0	28255.0
Glutathione metabolism	92821.0	122533.0	109868.0	177085.0	134830.0	181071.0	69812.0	78482.0	155074.0	53593.0	71999.0
Glycan bindng proteins	0.0	0.0	0.0	0.0	0.0	0.0	0.0	0.0	0.0	0.0	0.0
Glycan biosynthesis and metabolism	19943.0	17997.0	20399.0	47505.0	36082.0	51319.0	16046.0	19093.0	42679.0	11999.0	17290.0
Glycerolipid metabolism	326284.0	331067.0	273191.0	424661.0	489834.0	227054.0	115621.0	117829.0	196783.0	86538.0	106187.0
Glycerophospholipid metabolism	400775.0	483315.0	382243.0	532808.0	541621.0	301675.0	164019.0	166643.0	264868.0	122412.0	149593.0
Glycine, serine and threonine metabolism	555546.0	627267.0	547299.0	720440.0	802013.0	470887.0	262684.0	265306.0	409278.0	190738.0	233784.0
Glycolysis / Gluconeogenesis	869853.0	896428.0	763729.0	1116747.0	1314226.0	612479.0	321105.0	334693.0	533348.0	239388.0	298451.0
Glycosaminoglycan biosynthesis - chondroitin sulfate	0.0	0.0	0.0	0.0	0.0	0.0	0.0	0.0	0.0	0.0	0.0
Glycosaminoglycan degradation	8493.0	27992.0	33022.0	11836.0	4333.0	44715.0	48392.0	59756.0	44502.0	35311.0	48579.0
Glycosphingolipid biosynthesis - ganglio series	4935.0	21439.0	27779.0	7916.0	3260.0	27767.0	31771.0	40346.0	26756.0	22097.0	31600.0
Glycosphingolipid biosynthesis - globo series	57873.0	78660.0	77272.0	72752.0	80202.0	55803.0	53488.0	64980.0	51359.0	37043.0	51438.0
Glycosphingolipid biosynthesis - lacto and neolacto series	3.0	132.0	55.0	7.0	30.0	1683.0	2168.0	2929.0	1467.0	1342.0	2063.0
Glycosylphosphatidylinositol(GPI)-anchor biosynthesis	0.0	0.0	0.0	0.0	0.0	0.0	0.0	0.0	0.0	0.0	0.0
Glycosyltransferases	198844.0	246062.0	207024.0	294772.0	294855.0	208834.0	98116.0	105748.0	184620.0	76985.0	97875.0
Glyoxylate and dicarboxylate metabolism	410535.0	439734.0	391636.0	538395.0	569335.0	370247.0	172615.0	183476.0	320817.0	130742.0	166512.0
GnRH signaling pathway	0.0	0.0	0.0	0.0	0.0	0.0	0.0	0.0	0.0	0.0	0.0
Hedgehog signaling pathway	0.0	0.0	0.0	0.0	0.0	0.0	0.0	0.0	0.0	0.0	0.0
Hematopoietic cell lineage	0.0	0.0	0.0	0.0	0.0	0.0	0.0	0.0	0.0	0.0	0.0
Hepatitis C	372.0	664.0	768.0	269.0	220.0	0.0	0.0	0.0	0.0	0.0	0.0
Histidine metabolism	460588.0	543764.0	486222.0	537912.0	676541.0	241578.0	171963.0	173822.0	214689.0	122526.0	149113.0
Homologous recombination	683508.0	733686.0	627640.0	774114.0	1014555.0	329076.0	233720.0	226381.0	290207.0	165125.0	194817.0
Huntington's disease	2509.0	7829.0	7721.0	14760.0	2981.0	27886.0	13156.0	13632.0	24301.0	9847.0	12352.0
Hypertrophic cardiomyopathy (HCM)	0.0	0.0	0.0	0.0	0.0	0.0	0.0	0.0	0.0	0.0	0.0
Indole alkaloid biosynthesis	0.0	0.0	0.0	0.0	0.0	0.0	0.0	0.0	0.0	0.0	0.0
Influenza A	373.0	953.0	774.0	271.0	221.0	0.0	0.0	0.0	0.0	0.0	0.0
Inorganic ion transport and metabolism	114567.0	146682.0	113708.0	239425.0	175222.0	230474.0	80251.0	95214.0	200070.0	66329.0	90167.0
Inositol phosphate metabolism	57816.0	60845.0	58163.0	122456.0	85213.0	129256.0	39074.0	47586.0	109855.0	31969.0	45323.0
Insulin signaling pathway	95023.0	92704.0	74416.0	112154.0	146668.0	37040.0	24214.0	26236.0	33342.0	18279.0	22853.0
Ion channels	8345.0	3244.0	2469.0	9082.0	3640.0	18565.0	7338.0	8552.0	16858.0	6520.0	8537.0
Isoflavonoid biosynthesis	0.0	0.0	0.0	0.0	0.0	0.0	0.0	0.0	0.0	0.0	0.0
Isoquinoline alkaloid biosynthesis	22891.0	37465.0	35950.0	37342.0	30623.0	41316.0	24243.0	25306.0	35748.0	16981.0	21489.0
Leishmaniasis	0.0	0.0	0.0	0.0	0.0	0.0	0.0	0.0	0.0	0.0	0.0
Leukocyte transendothelial migration	0.0	0.0	0.0	0.0	0.0	0.0	0.0	0.0	0.0	0.0	0.0
Limonene and pinene degradation	49516.0	45315.0	40434.0	88961.0	84638.0	83151.0	31479.0	33225.0	71894.0	25118.0	31816.0
Linoleic acid metabolism	56568.0	57832.0	53897.0	56148.0	87776.0	16208.0	21405.0	20007.0	15097.0	14349.0	15937.0
Lipid biosynthesis proteins	442699.0	486355.0	400630.0	557166.0	645371.0	295638.0	173358.0	176228.0	260135.0	127207.0	155564.0
Lipid metabolism	117871.0	126540.0	97047.0	166006.0	167388.0	98308.0	39027.0	40342.0	83930.0	29976.0	37681.0
Lipoic acid metabolism	17673.0	19023.0	21560.0	30349.0	33500.0	30016.0	14272.0	17597.0	26753.0	11364.0	15848.0
Lipopolysaccharide biosynthesis	76354.0	119181.0	149778.0	158090.0	157014.0	194927.0	77726.0	95652.0	175214.0	65892.0	90695.0
Lipopolysaccharide biosynthesis proteins	115382.0	175100.0	203495.0	271842.0	215399.0	335401.0	124446.0	154461.0	294451.0	102528.0	144775.0
Long-term depression	0.0	0.0	0.0	0.0	0.0	0.0	0.0	0.0	0.0	0.0	0.0
Long-term potentiation	0.0	0.0	0.0	0.0	0.0	0.0	0.0	0.0	0.0	0.0	0.0
Lysine biosynthesis	652241.0	727392.0	602601.0	736977.0	917765.0	313544.0	220516.0	212380.0	275386.0	155442.0	182619.0
Lysine degradation	81954.0	90736.0	66082.0	142201.0	102716.0	141087.0	55696.0	59324.0	121361.0	43078.0	55345.0
Lysosome	32320.0	55253.0	62787.0	33553.0	40424.0	52863.0	56634.0	68981.0	53228.0	42067.0	57144.0
MAPK signaling pathway	0.0	0.0	0.0	0.0	0.0	0.0	0.0	0.0	0.0	0.0	0.0
MAPK signaling pathway - yeast	15933.0	22715.0	26342.0	18510.0	16757.0	23621.0	15404.0	16127.0	20805.0	11002.0	13938.0
Measles	372.0	664.0	768.0	269.0	220.0	0.0	0.0	0.0	0.0	0.0	0.0
Meiosis - yeast	294.0	374.0	394.0	240.0	2028.0	2671.0	1621.0	1212.0	3298.0	1962.0	1802.0
Melanogenesis	0.0	0.0	0.0	0.0	0.0	0.0	0.0	0.0	0.0	0.0	0.0
Membrane and intracellular structural molecules	219322.0	317721.0	295545.0	425815.0	299400.0	458094.0	198823.0	236862.0	398995.0	153312.0	212138.0
Metabolism of cofactors and vitamins	81764.0	89533.0	90594.0	124262.0	127984.0	113824.0	50072.0	51709.0	98188.0	37717.0	46997.0
Metabolism of xenobiotics by cytochrome P450	31989.0	19751.0	20029.0	58780.0	62421.0	50199.0	11657.0	14624.0	42550.0	10600.0	14945.0
Methane metabolism	968120.0	1029045.0	929487.0	1093554.0	1358976.0	545284.0	337735.0	337205.0	473885.0	241511.0	292418.0
Mineral absorption	2709.0	3659.0	5230.0	1953.0	6182.0	22.0	15.0	16.0	16.0	8.0	14.0
Mismatch repair	578723.0	625056.0	528900.0	647340.0	830852.0	282868.0	210106.0	199811.0	250432.0	147706.0	171533.0
N-Glycan biosynthesis	6913.0	10780.0	14319.0	6378.0	8636.0	5615.0	4981.0	5344.0	6260.0	4416.0	5358.0
NOD-like receptor signaling pathway	30675.0	34177.0	27593.0	34918.0	40918.0	13982.0	10923.0	10376.0	12497.0	7723.0	8916.0
Naphthalene degradation	121015.0	105645.0	101066.0	151846.0	219316.0	73909.0	41929.0	41545.0	65274.0	31591.0	37465.0
Neuroactive ligand-receptor interaction	0.0	0.0	0.0	0.0	0.0	0.0	0.0	0.0	0.0	0.0	0.0
Neurotrophin signaling pathway	0.0	0.0	0.0	0.0	0.0	0.0	0.0	0.0	0.0	0.0	0.0
Nicotinate and nicotinamide metabolism	324642.0	353733.0	291856.0	409287.0	481331.0	200429.0	109822.0	114935.0	171606.0	78484.0	99345.0
Nitrogen metabolism	370654.0	475887.0	414761.0	564183.0	480045.0	465501.0	227446.0	246581.0	399638.0	165500.0	216193.0
Nitrotoluene degradation	38507.0	46377.0	31439.0	48004.0	27811.0	44082.0	20844.0	19561.0	37592.0	15291.0	17831.0
Non-homologous end-joining	29719.0	17154.0	14659.0	29239.0	57783.0	4517.0	3271.0	2547.0	5489.0	3745.0	3420.0
Notch signaling pathway	0.0	0.0	0.0	0.0	0.0	0.0	0.0	0.0	0.0	0.0	0.0
Novobiocin biosynthesis	90706.0	110229.0	98065.0	111226.0	131231.0	67376.0	44773.0	44961.0	58431.0	30941.0	37799.0
Nucleotide excision repair	285573.0	309828.0	260464.0	310261.0	420749.0	122387.0	98509.0	92665.0	111140.0	70534.0	80384.0
Nucleotide metabolism	15035.0	22080.0	21794.0	58494.0	25320.0	78717.0	20720.0	24672.0	65805.0	16794.0	24018.0
Olfactory transduction	0.0	0.0	0.0	0.0	0.0	0.0	0.0	0.0	0.0	0.0	0.0
One carbon pool by folate	395652.0	480048.0	413251.0	467965.0	552342.0	230428.0	166438.0	164059.0	204295.0	117687.0	140518.0
Oocyte meiosis	0.0	0.0	0.0	0.0	0.0	0.0	0.0	0.0	0.0	0.0	0.0
Other glycan degradation	140962.0	203199.0	177761.0	163676.0	183937.0	113486.0	114853.0	138368.0	106164.0	80223.0	110593.0
Other ion-coupled transporters	766289.0	980619.0	849028.0	1203050.0	1061028.0	968464.0	450045.0	493735.0	829788.0	330680.0	435462.0
Other transporters	210201.0	223553.0	198963.0	273577.0	319238.0	170753.0	97342.0	102083.0	147567.0	69649.0	87897.0
Other types of O-glycan biosynthesis	0.0	0.0	0.0	0.0	0.0	0.0	0.0	0.0	0.0	0.0	0.0
Others	556587.0	641192.0	551003.0	788269.0	787925.0	597225.0	313645.0	333256.0	519468.0	231215.0	292944.0
Oxidative phosphorylation	601301.0	716699.0	654680.0	711168.0	723822.0	501891.0	315322.0	320851.0	444321.0	229131.0	279429.0
PPAR signaling pathway	79003.0	89122.0	73371.0	95291.0	122483.0	41087.0	29967.0	30800.0	37203.0	21737.0	26716.0
Pancreatic cancer	0.0	0.0	0.0	0.0	0.0	0.0	0.0	0.0	0.0	0.0	0.0
Pancreatic secretion	0.0	0.0	0.0	0.0	0.0	0.0	0.0	0.0	0.0	0.0	0.0
Pantothenate and CoA biosynthesis	439023.0	515020.0	438825.0	523995.0	570919.0	282410.0	173885.0	170425.0	248230.0	125939.0	150397.0
Parkinson's disease	4.0	1156.0	24.0	8.0	4.0	0.0	0.0	0.0	0.0	0.0	0.0
Pathogenic Escherichia coli infection	5.0	85.0	0.0	10.0	65.0	0.0	0.0	0.0	0.0	0.0	0.0
Pathways in cancer	33679.0	38263.0	31038.0	41316.0	47946.0	22003.0	12989.0	12759.0	19727.0	9836.0	11613.0
Penicillin and cephalosporin biosynthesis	9484.0	14850.0	18435.0	24320.0	13780.0	31961.0	9121.0	11388.0	27997.0	8246.0	11363.0
Pentose and glucuronate interconversions	407133.0	412384.0	401371.0	577064.0	593459.0	414853.0	205428.0	226523.0	355492.0	149461.0	196478.0
Pentose phosphate pathway	686684.0	715388.0	609901.0	868865.0	1004528.0	462929.0	256944.0	264174.0	403840.0	189426.0	233972.0
Peptidases	1270641.0	1487364.0	1274276.0	1609832.0	1834540.0	873509.0	522349.0	530109.0	762528.0	375950.0	462158.0
Peptidoglycan biosynthesis	607049.0	646765.0	539702.0	703846.0	878592.0	317299.0	218435.0	211804.0	278574.0	154052.0	182123.0
Peroxisome	85670.0	119104.0	104619.0	122024.0	121330.0	89073.0	57054.0	60401.0	77258.0	39743.0	50723.0
Pertussis	1467.0	7256.0	9824.0	60617.0	1196.0	102907.0	22371.0	31844.0	85265.0	18558.0	30229.0
Phagosome	372.0	664.0	768.0	269.0	220.0	0.0	0.0	0.0	0.0	0.0	0.0
Phenylalanine metabolism	128360.0	145835.0	136082.0	211848.0	194953.0	183105.0	71912.0	80082.0	157171.0	55519.0	73560.0
Phenylalanine, tyrosine and tryptophan biosynthesis	700043.0	774506.0	648586.0	808313.0	1021354.0	350220.0	215529.0	218151.0	309539.0	158183.0	192520.0
Phenylpropanoid biosynthesis	81086.0	125752.0	88880.0	118550.0	84268.0	78307.0	43202.0	49777.0	67075.0	30591.0	41936.0
Phosphatidylinositol signaling system	54560.0	66296.0	56706.0	75090.0	86008.0	43272.0	23526.0	25327.0	39049.0	18449.0	23182.0
Phosphonate and phosphinate metabolism	57563.0	45393.0	46449.0	76143.0	102169.0	48222.0	25626.0	26389.0	42051.0	18820.0	23660.0
Phosphotransferase system (PTS)	167673.0	211900.0	203764.0	512997.0	183891.0	610934.0	156395.0	188966.0	506413.0	123179.0	179751.0
Photosynthesis	206361.0	306216.0	238731.0	232318.0	173321.0	103486.0	83625.0	78902.0	92485.0	58151.0	67460.0
Photosynthesis - antenna proteins	0.0	0.0	0.0	0.0	0.0	0.0	0.0	0.0	0.0	0.0	0.0
Photosynthesis proteins	207567.0	306705.0	239841.0	237203.0	174169.0	110156.0	84892.0	80686.0	98034.0	59261.0	69266.0
Phototransduction	0.0	0.0	0.0	0.0	0.0	0.0	0.0	0.0	0.0	0.0	0.0
Phototransduction - fly	0.0	0.0	0.0	0.0	0.0	0.0	0.0	0.0	0.0	0.0	0.0
Plant-pathogen interaction	123146.0	152650.0	107220.0	149040.0	159894.0	57544.0	39558.0	36434.0	50498.0	28070.0	32086.0
Polycyclic aromatic hydrocarbon degradation	76261.0	91215.0	74253.0	88495.0	97322.0	38360.0	26854.0	26784.0	34441.0	19551.0	23458.0
Polyketide sugar unit biosynthesis	145523.0	169231.0	145992.0	158342.0	197633.0	70154.0	60727.0	63711.0	63117.0	42136.0	52325.0
Pores ion channels	139663.0	198863.0	193108.0	309994.0	198354.0	360884.0	145579.0	176209.0	312048.0	112900.0	158964.0
Porphyrin and chlorophyll metabolism	568660.0	746302.0	560707.0	722462.0	591879.0	446860.0	248987.0	231690.0	382201.0	175627.0	206512.0
Prenyltransferases	190437.0	227524.0	198454.0	222338.0	262500.0	120428.0	84301.0	84449.0	109463.0	62298.0	74438.0
Primary bile acid biosynthesis	28199.0	31012.0	26804.0	28248.0	41425.0	6460.0	7138.0	8313.0	6642.0	5524.0	7226.0
Primary immunodeficiency	17126.0	35201.0	26834.0	31059.0	18276.0	17424.0	7291.0	8815.0	15024.0	5721.0	8097.0
Prion diseases	555.0	674.0	588.0	4297.0	1123.0	7130.0	1801.0	2217.0	5901.0	1477.0	2134.0
Progesterone-mediated oocyte maturation	30279.0	32981.0	26180.0	34375.0	40683.0	13982.0	10923.0	10376.0	12497.0	7723.0	8916.0
Propanoate metabolism	353365.0	338890.0	297840.0	460606.0	494127.0	338250.0	167634.0	172965.0	290544.0	122615.0	153227.0
Prostate cancer	30285.0	33253.0	26331.0	34440.0	40790.0	16246.0	13634.0	13859.0	14655.0	9564.0	11656.0
Proteasome	31779.0	35187.0	28870.0	35334.0	44575.0	13982.0	10923.0	10376.0	12497.0	7723.0	8916.0
Protein digestion and absorption	1987.0	8185.0	11201.0	3124.0	2804.0	5110.0	5964.0	7519.0	5007.0	4182.0	6157.0
Protein export	420853.0	470709.0	391615.0	491017.0	605124.0	214392.0	143496.0	142760.0	190660.0	104197.0	125363.0
Protein folding and associated processing	384032.0	433035.0	379113.0	540238.0	541454.0	403757.0	190900.0	202715.0	354987.0	147932.0	187035.0
Protein kinases	203320.0	232804.0	186175.0	314879.0	281989.0	233178.0	92917.0	98324.0	200122.0	72076.0	92175.0
Protein processing in endoplasmic reticulum	49022.0	51379.0	45480.0	53121.0	74203.0	21482.0	18429.0	18963.0	20423.0	13790.0	16592.0
Proximal tubule bicarbonate reclamation	19090.0	17177.0	20009.0	30925.0	36331.0	28929.0	13709.0	14021.0	25758.0	10786.0	13122.0
Purine metabolism	1527113.0	1695068.0	1446625.0	1832614.0	2204486.0	959226.0	593574.0	594603.0	841932.0	429060.0	519786.0
Pyrimidine metabolism	1293224.0	1424731.0	1219094.0	1488467.0	1854509.0	689659.0	485680.0	471277.0	603203.0	338831.0	401700.0
Pyruvate metabolism	816070.0	832513.0	731323.0	1042051.0	1198337.0	641743.0	342825.0	353882.0	556855.0	251558.0	313026.0
RIG-I-like receptor signaling pathway	393.0	436.0	480.0	370.0	1051.0	460.0	534.0	433.0	352.0	367.0	328.0
RNA degradation	281498.0	335841.0	289207.0	336642.0	378603.0	190750.0	133746.0	131760.0	170440.0	96092.0	114494.0
RNA polymerase	128262.0	138746.0	115880.0	138069.0	188637.0	53634.0	40816.0	37977.0	47793.0	28860.0	32822.0
RNA transport	107812.0	121552.0	95906.0	125424.0	132658.0	51431.0	29131.0	28971.0	45291.0	21941.0	26434.0
Regulation of actin cytoskeleton	0.0	0.0	0.0	0.0	0.0	0.0	0.0	0.0	0.0	0.0	0.0
Renal cell carcinoma	3399.0	4993.0	4852.0	6939.0	7262.0	8021.0	2066.0	2383.0	7230.0	2113.0	2697.0
Renin-angiotensin system	0.0	0.0	0.0	0.0	0.0	0.0	0.0	0.0	0.0	0.0	0.0
Replication, recombination and repair proteins	496768.0	557177.0	466909.0	604093.0	703934.0	363083.0	236204.0	217792.0	320010.0	168522.0	191687.0
Restriction enzyme	138767.0	164608.0	135647.0	172054.0	185373.0	74137.0	44929.0	47633.0	64680.0	32353.0	41004.0
Retinol metabolism	32305.0	20505.0	21402.0	47537.0	62615.0	30524.0	8258.0	9641.0	26358.0	7623.0	9995.0
Rheumatoid arthritis	0.0	0.0	0.0	0.0	0.0	0.0	0.0	0.0	0.0	0.0	0.0
Riboflavin metabolism	129607.0	178282.0	144720.0	188886.0	153374.0	145841.0	77465.0	80757.0	126933.0	56489.0	71104.0
Ribosome	1706625.0	1869260.0	1605602.0	1881071.0	2465875.0	760524.0	577285.0	551435.0	676478.0	407146.0	473673.0
Ribosome Biogenesis	1035950.0	1157254.0	942041.0	1252156.0	1447566.0	619344.0	372590.0	369852.0	540897.0	269122.0	324484.0
Ribosome biogenesis in eukaryotes	36099.0	42052.0	37374.0	42721.0	51151.0	20601.0	12125.0	12114.0	17984.0	8772.0	10651.0
Salivary secretion	0.0	0.0	0.0	0.0	0.0	0.0	0.0	0.0	0.0	0.0	0.0
Secondary bile acid biosynthesis	28165.0	30958.0	26739.0	28231.0	41410.0	6460.0	7138.0	8313.0	6642.0	5524.0	7226.0
Secretion system	753589.0	920451.0	719254.0	1301522.0	1073444.0	1023118.0	396140.0	419363.0	876603.0	305772.0	392494.0
Selenocompound metabolism	250263.0	278311.0	237350.0	311527.0	340123.0	201777.0	103377.0	107341.0	176350.0	77676.0	97115.0
Sesquiterpenoid biosynthesis	0.0	0.0	0.0	0.0	0.0	0.0	0.0	0.0	0.0	0.0	0.0
Shigellosis	2.0	34.0	0.0	4.0	26.0	0.0	0.0	0.0	0.0	0.0	0.0
Signal transduction mechanisms	329448.0	364015.0	288684.0	427987.0	434422.0	267187.0	137787.0	135295.0	232809.0	102508.0	122908.0
Small cell lung cancer	1.0	289.0	6.0	2.0	1.0	0.0	0.0	0.0	0.0	0.0	0.0
Sphingolipid metabolism	119201.0	174880.0	149049.0	147798.0	150049.0	94764.0	92367.0	105924.0	88606.0	65075.0	85847.0
Spliceosome	0.0	0.0	0.0	0.0	0.0	0.0	0.0	0.0	0.0	0.0	0.0
Sporulation	796299.0	767487.0	580988.0	790378.0	1124370.0	105092.0	168223.0	125493.0	90400.0	105310.0	98403.0
Staphylococcus aureus infection	1102.0	1804.0	1671.0	1514.0	1437.0	627.0	724.0	613.0	578.0	532.0	507.0
Starch and sucrose metabolism	791802.0	890869.0	725441.0	1007048.0	1096803.0	519600.0	302814.0	323218.0	449229.0	216535.0	276796.0
Steroid biosynthesis	6.0	6.0	3.0	1.0	0.0	3969.0	2373.0	1758.0	4875.0	2897.0	2639.0
Steroid hormone biosynthesis	1738.0	7739.0	10172.0	6580.0	1222.0	24541.0	19291.0	23373.0	23824.0	14964.0	19909.0
Stilbenoid, diarylheptanoid and gingerol biosynthesis	0.0	0.0	0.0	0.0	0.0	103.0	93.0	81.0	139.0	112.0	102.0
Streptomycin biosynthesis	233506.0	257019.0	224888.0	279024.0	341466.0	143319.0	101170.0	108122.0	127807.0	72511.0	91410.0
Styrene degradation	12052.0	10663.0	13848.0	26705.0	14875.0	38435.0	12441.0	13195.0	32753.0	9902.0	12808.0
Sulfur metabolism	169233.0	229547.0	184314.0	235685.0	205197.0	169904.0	92379.0	97831.0	152299.0	71240.0	89351.0
Sulfur relay system	171286.0	203872.0	159933.0	257920.0	206733.0	195211.0	88403.0	90114.0	168639.0	66819.0	82187.0
Synthesis and degradation of ketone bodies	26068.0	35379.0	22614.0	35569.0	24477.0	27187.0	14871.0	13209.0	23071.0	10253.0	11687.0
Systemic lupus erythematosus	2.0	2.0	1.0	0.0	0.0	1323.0	791.0	586.0	1625.0	966.0	880.0
TGF-beta signaling pathway	0.0	0.0	0.0	0.0	0.0	0.0	0.0	0.0	0.0	0.0	0.0
Taurine and hypotaurine metabolism	56234.0	75286.0	69923.0	78772.0	78596.0	61840.0	33720.0	35815.0	54517.0	25214.0	31903.0
Terpenoid backbone biosynthesis	412809.0	480945.0	401529.0	467548.0	585207.0	200420.0	151466.0	144732.0	178276.0	106756.0	124185.0
Tetracycline biosynthesis	123683.0	107362.0	96452.0	133767.0	180901.0	63780.0	48280.0	45358.0	55580.0	32988.0	37777.0
Thiamine metabolism	361079.0	434176.0	348302.0	426361.0	471789.0	212213.0	135687.0	134779.0	186471.0	97688.0	117375.0
Tight junction	0.0	0.0	0.0	0.0	0.0	0.0	0.0	0.0	0.0	0.0	0.0
Toluene degradation	18715.0	35396.0	31412.0	62736.0	12413.0	89398.0	31015.0	36718.0	78098.0	25267.0	34970.0
Toxoplasmosis	1.0	289.0	6.0	2.0	1.0	0.0	0.0	0.0	0.0	0.0	0.0
Transcription factors	1296640.0	1369322.0	1109844.0	1945518.0	1853492.0	1386444.0	595147.0	618695.0	1170430.0	433842.0	553082.0
Transcription machinery	634994.0	757349.0	623626.0	716472.0	842992.0	363753.0	329819.0	314645.0	331342.0	228717.0	264390.0
Transcription related proteins	2299.0	3973.0	4590.0	13403.0	1490.0	21027.0	4214.0	5593.0	17845.0	3961.0	5852.0
Translation factors	374298.0	420354.0	361808.0	426768.0	539287.0	199047.0	140587.0	137785.0	176536.0	100061.0	118848.0
Translation proteins	695997.0	750475.0	633726.0	830672.0	1026113.0	407070.0	250855.0	244995.0	355952.0	180486.0	214697.0
Transporters	4469546.0	4985350.0	4053524.0	6474332.0	6026468.0	4513945.0	1956069.0	2015396.0	3833494.0	1443229.0	1826024.0
Tropane, piperidine and pyridine alkaloid biosynthesis	76992.0	97245.0	84858.0	107813.0	119374.0	72007.0	43236.0	43411.0	62280.0	30244.0	37215.0
Tryptophan metabolism	65715.0	75683.0	63156.0	153692.0	77645.0	191806.0	60381.0	69302.0	163184.0	48721.0	66114.0
Tuberculosis	106535.0	125612.0	102514.0	122506.0	151876.0	52602.0	44910.0	42714.0	48006.0	31838.0	36364.0
Two-component system	873992.0	1124713.0	858034.0	1449356.0	1150377.0	1176461.0	532398.0	544215.0	1010730.0	394651.0	494633.0
Type I diabetes mellitus	33645.0	39927.0	35674.0	37762.0	48294.0	16305.0	13683.0	13915.0	14716.0	9600.0	11715.0
Type II diabetes mellitus	47813.0	44350.0	37895.0	54764.0	76895.0	22508.0	14664.0	15355.0	19662.0	10476.0	13020.0
Tyrosine metabolism	247490.0	252175.0	225152.0	349405.0	383491.0	240364.0	111164.0	116366.0	206925.0	83050.0	104928.0
Ubiquinone and other terpenoid-quinone biosynthesis	37026.0	57203.0	54334.0	133602.0	50578.0	207507.0	71589.0	87127.0	181059.0	59818.0	83081.0
Ubiquitin system	900.0	3572.0	4993.0	9072.0	2109.0	16121.0	5217.0	6830.0	13880.0	4287.0	6237.0
VEGF signaling pathway	0.0	0.0	0.0	0.0	0.0	0.0	0.0	0.0	0.0	0.0	0.0
Valine, leucine and isoleucine biosynthesis	596751.0	648612.0	559837.0	697361.0	860198.0	331349.0	205806.0	199025.0	292870.0	150371.0	177006.0
Valine, leucine and isoleucine degradation	117552.0	149132.0	122324.0	206409.0	147446.0	205769.0	87862.0	94608.0	176741.0	66203.0	85969.0
Various types of N-glycan biosynthesis	372.0	664.0	768.0	269.0	220.0	0.0	0.0	0.0	0.0	0.0	0.0
Vascular smooth muscle contraction	0.0	0.0	0.0	0.0	0.0	0.0	0.0	0.0	0.0	0.0	0.0
Vasopressin-regulated water reabsorption	0.0	0.0	0.0	0.0	0.0	0.0	0.0	0.0	0.0	0.0	0.0
Vibrio cholerae infection	372.0	664.0	768.0	269.0	220.0	0.0	0.0	0.0	0.0	0.0	0.0
Vibrio cholerae pathogenic cycle	42430.0	52986.0	44537.0	63631.0	58617.0	45777.0	25253.0	23995.0	38536.0	17099.0	20504.0
Viral myocarditis	1.0	289.0	6.0	2.0	1.0	0.0	0.0	0.0	0.0	0.0	0.0
Vitamin B6 metabolism	146491.0	156607.0	142006.0	190339.0	223527.0	108340.0	59695.0	63481.0	93869.0	43246.0	55206.0
Wnt signaling pathway	0.0	0.0	0.0	0.0	0.0	0.0	0.0	0.0	0.0	0.0	0.0
Xylene degradation	63502.0	52951.0	46549.0	84135.0	104953.0	44329.0	14644.0	15952.0	36781.0	11194.0	14803.0
Zeatin biosynthesis	33617.0	39807.0	35621.0	37743.0	48218.0	16283.0	13668.0	13899.0	14700.0	9592.0	11701.0
alpha-Linolenic acid metabolism	3458.0	675.0	36.0	11669.0	261.0	20456.0	4258.0	5755.0	17116.0	3786.0	5923.0
beta-Alanine metabolism	92743.0	120422.0	98254.0	155759.0	98038.0	154648.0	58369.0	66103.0	132217.0	45308.0	61039.0
beta-Lactam resistance	14493.0	27965.0	23318.0	28460.0	19774.0	24498.0	7705.0	9547.0	21297.0	6646.0	9136.0
mRNA surveillance pathway	744.0	1328.0	1536.0	538.0	440.0	0.0	0.0	0.0	0.0	0.0	0.0
mTOR signaling pathway	372.0	664.0	768.0	269.0	220.0	0.0	0.0	0.0	0.0	0.0	0.0
p53 signaling pathway	1.0	289.0	6.0	2.0	1.0	0.0	0.0	0.0	0.0	0.0	0.0
